0.04000 2.71624e+03
0.05745 9.16990e+02
0.07804 3.65742e+02
0.10179 1.64851e+02
0.12868 8.15892e+01
0.15872 4.34762e+01
0.19191 2.45951e+01
0.22825 1.46188e+01
0.26774 9.05751e+00
0.31038 5.81400e+00
0.35616 3.84763e+00
0.40510 2.61490e+00
0.45718 1.81913e+00
0.51241 1.29200e+00
0.57080 9.34710e-01
0.63233 6.87526e-01
0.69701 5.13329e-01
0.76484 3.88504e-01
0.83581 2.97689e-01
0.90994 2.30697e-01
0.98722 1.80648e-01
1.06764 1.42817e-01
1.15121 1.13913e-01
1.23793 9.16069e-02
1.32781 7.42333e-02
1.42083 6.05841e-02
1.51699 4.97744e-02
1.61631 4.11487e-02
1.71878 3.42171e-02
1.82439 2.86099e-02
1.93316 2.40456e-02
2.04507 2.03084e-02
2.16013 1.72313e-02
2.27835 1.46845e-02
2.39971 1.25660e-02
2.52421 1.07955e-02
2.65187 9.30909e-03
2.78268 8.05595e-03
2.91663 6.99515e-03
3.05374 6.09367e-03
3.19399 5.32477e-03
3.33739 4.66661e-03
3.48395 4.10136e-03
3.63365 3.61431e-03
3.78649 3.19336e-03
3.94249 2.82844e-03
4.10164 2.51120e-03
4.26394 2.23465e-03
4.42938 1.99294e-03
4.59797 1.78114e-03
4.76972 1.59509e-03
4.94461 1.43129e-03
5.12265 1.28674e-03
5.30384 1.15891e-03
5.48817 1.04561e-03
5.67566 9.45001e-04
5.86630 8.55477e-04
6.06008 7.75665e-04
6.25702 7.04382e-04
6.45710 6.40602e-04
6.66033 5.83437e-04
6.86671 5.32115e-04
7.07624 4.85964e-04
7.28892 4.44398e-04
7.50474 4.06903e-04
7.72372 3.73032e-04
7.94585 3.42389e-04
8.17112 3.14629e-04
8.39954 2.89446e-04
8.63111 2.66570e-04
8.86583 2.45764e-04
9.10370 2.26816e-04
9.34472 2.09540e-04
9.58889 1.93770e-04
9.83621 1.79357e-04
10.08667 1.66170e-04
10.34028 1.54092e-04
10.59705 1.43017e-04
10.85696 1.32852e-04
11.12002 1.23512e-04
11.38623 1.14922e-04
11.65559 1.07015e-04
11.92809 9.97280e-05
12.20375 9.30075e-05
12.48256 8.68037e-05
12.76451 8.10717e-05
13.04961 7.57712e-05
13.33787 7.08656e-05
13.62927 6.63217e-05
13.92382 6.21096e-05
14.22151 5.82019e-05
14.52236 5.45740e-05
14.82636 5.12032e-05
15.13350 4.80691e-05
15.44380 4.51529e-05
15.75724 4.24377e-05
16.07383 3.99079e-05
16.39357 3.75492e-05
16.71646 3.53486e-05
17.04250 3.32943e-05
17.37169 3.13753e-05
17.70403 2.95816e-05
18.03951 2.79040e-05
18.37815 2.63341e-05
18.71993 2.48642e-05
19.06486 2.34871e-05
19.41294 2.21963e-05
19.76417 2.09857e-05
20.11855 1.98497e-05
20.47608 1.87832e-05
20.83676 1.77815e-05
21.20058 1.68401e-05
21.56755 1.59551e-05
21.93768 1.51226e-05
22.31095 1.43392e-05
22.68737 1.36017e-05
23.06694 1.29071e-05
23.44966 1.22526e-05
23.83553 1.16356e-05
24.22455 1.10538e-05
24.61671 1.05050e-05
25.01203 9.98715e-06
25.41049 9.49826e-06
25.81210 9.03658e-06
26.21686 8.60046e-06
26.62477 8.18835e-06
27.03583 7.79882e-06
27.45004 7.43053e-06
27.86740 7.08221e-06
28.28790 6.75271e-06
28.71156 6.44092e-06
29.13836 6.14584e-06
29.56831 5.86651e-06
30.00141 5.60205e-06
30.43766 5.35160e-06
30.87706 5.11441e-06
31.31961 4.88974e-06
31.76531 4.67690e-06
32.21416 4.47527e-06
32.66615 4.28423e-06
33.12129 4.10324e-06
33.57959 3.93175e-06
34.04103 3.76929e-06
34.50562 3.61539e-06
34.97336 3.46962e-06
35.44425 3.33157e-06
35.91828 3.20087e-06
36.39547 3.07715e-06
36.87580 2.96008e-06
37.35929 2.84936e-06
37.84592 2.74469e-06
38.33570 2.64579e-06
38.82863 2.55241e-06
39.32471 2.46431e-06
39.82394 2.38126e-06
40.32632 2.30307e-06
40.83184 2.22953e-06
41.34052 2.16047e-06
41.85234 2.09572e-06
42.36732 2.03512e-06
42.88544 1.97853e-06
43.40671 1.92583e-06
43.93113 1.87689e-06
44.45870 1.83160e-06
44.98941 1.78987e-06
45.52328 1.75162e-06
46.06030 1.71676e-06
46.60046 1.68522e-06
47.14377 1.65696e-06
47.69023 1.63193e-06
48.23984 1.61009e-06
48.79260 1.59141e-06
49.34851 1.57589e-06
49.90757 1.56352e-06
50.46978 1.55431e-06
51.03513 1.54828e-06
51.60364 1.54546e-06
52.17529 1.54591e-06
52.75009 1.54967e-06
53.32804 1.55683e-06
53.90914 1.56747e-06
54.49339 1.58172e-06
55.08079 1.59969e-06
55.67134 1.62153e-06
56.26503 1.64743e-06
56.86188 1.67757e-06
57.46187 1.71218e-06
58.06501 1.75152e-06
58.67130 1.79588e-06
59.28074 1.84559e-06
59.89333 1.90103e-06
60.50907 1.96263e-06
61.12796 2.03087e-06
61.74999 2.10629e-06
62.37518 2.18953e-06
63.00351 2.28130e-06
63.63499 2.38240e-06
64.26962 2.49377e-06
64.90740 2.61647e-06
65.54833 2.75171e-06
66.19241 2.90091e-06
66.83964 3.06570e-06
67.49001 3.24796e-06
68.14354 3.44991e-06
68.80021 3.67411e-06
69.46003 3.92361e-06
70.12300 4.20199e-06
70.78912 4.51351e-06
71.45839 4.86328e-06
72.13081 5.25743e-06
72.80638 5.70339e-06
73.48509 6.21022e-06
74.16696 6.78908e-06
74.85197 7.45383e-06
75.54013 8.22181e-06
76.23145 9.11499e-06
76.92591 1.01615e-05
77.62352 1.13979e-05
78.32427 1.28721e-05
79.02818 1.46482e-05
79.73524 1.68135e-05
80.44544 1.94888e-05
81.15880 2.28454e-05
81.87530 2.71323e-05
82.59495 3.27224e-05
83.31775 4.01930e-05
84.04370 5.04744e-05
84.77280 6.51377e-05
85.50504 8.69881e-05
86.24044 1.21377e-04
86.97899 1.79322e-04
87.72068 2.85331e-04
88.46552 4.95326e-04
89.21351 8.96944e-04
89.96465 1.26783e-03
90.71894 9.64677e-04
91.47638 5.39113e-04
92.23697 3.08618e-04
93.00071 1.92693e-04
93.76759 1.29868e-04
94.53763 9.28561e-05
95.31081 6.94684e-05
96.08714 5.38350e-05
96.86662 4.29028e-05
97.64925 3.49731e-05
98.43503 2.90453e-05
99.22396 2.45011e-05
100.01603 2.09425e-05
100.81126 1.81046e-05
101.60963 1.58054e-05
102.41116 1.39170e-05
103.21583 1.23470e-05
104.02365 1.10278e-05
104.83462 9.90857e-06
105.64874 8.95087e-06
106.46600 8.12501e-06
107.28642 7.40782e-06
108.10999 6.78102e-06
108.93670 6.23001e-06
109.76656 5.74301e-06
110.59958 5.31047e-06
111.43574 4.92454e-06
112.27505 4.57873e-06
113.11750 4.26767e-06
113.96311 3.98683e-06
114.81187 3.73241e-06
115.66377 3.50119e-06
116.51883 3.29043e-06
117.37703 3.09778e-06
118.23838 2.92121e-06
119.10289 2.75898e-06
119.97054 2.60957e-06
120.84133 2.47167e-06
121.71528 2.34412e-06
122.59238 2.22591e-06
123.47262 2.11614e-06
124.35602 2.01404e-06
125.24256 1.91889e-06
126.13226 1.83010e-06
127.02510 1.74709e-06
127.92109 1.66938e-06
128.82023 1.59653e-06
129.72251 1.52814e-06
130.62795 1.46386e-06
131.53654 1.40336e-06
132.44827 1.34635e-06
133.36315 1.29257e-06
134.28119 1.24178e-06
135.20237 1.19377e-06
136.12670 1.14833e-06
137.05418 1.10529e-06
137.98481 1.06449e-06
138.91858 1.02576e-06
139.85551 9.88975e-07
140.79558 9.54006e-07
141.73881 9.20737e-07
142.68518 8.89060e-07
143.63470 8.58876e-07
144.58737 8.30093e-07
145.54319 8.02628e-07
146.50216 7.76401e-07
147.46428 7.51340e-07
148.42954 7.27378e-07
149.39796 7.04453e-07
150.36952 6.82507e-07
151.34423 6.61485e-07
152.32209 6.41337e-07
153.30311 6.22016e-07
154.28726 6.03478e-07
155.27457 5.85683e-07
156.26503 5.68592e-07
157.25864 5.52168e-07
158.25539 5.36379e-07
159.25530 5.21193e-07
160.25835 5.06581e-07
161.26455 4.92513e-07
162.27390 4.78965e-07
163.28640 4.65912e-07
164.30205 4.53330e-07
165.32085 4.41198e-07
166.34279 4.29494e-07
167.36789 4.18201e-07
168.39613 4.07299e-07
169.42752 3.96771e-07
170.46207 3.86601e-07
171.49976 3.76772e-07
172.54060 3.67272e-07
173.58459 3.58084e-07
174.63172 3.49198e-07
175.68201 3.40599e-07
176.73544 3.32276e-07
177.79203 3.24218e-07
178.85176 3.16414e-07
179.91464 3.08854e-07
180.98067 3.01529e-07
182.04985 2.94428e-07
183.12218 2.87544e-07
184.19766 2.80868e-07
185.27629 2.74392e-07
186.35806 2.68109e-07
187.44299 2.62011e-07
188.53106 2.56091e-07
189.62228 2.50344e-07
190.71665 2.44762e-07
191.81417 2.39339e-07
192.91484 2.34071e-07
194.01866 2.28950e-07
195.12563 2.23973e-07
196.23574 2.19134e-07
197.34901 2.14429e-07
198.46542 2.09852e-07
199.58498 2.05400e-07
200.70769 2.01067e-07
201.83355 1.96851e-07
202.96256 1.92747e-07
204.09472 1.88752e-07
205.23003 1.84861e-07
206.36848 1.81072e-07
207.51009 1.77381e-07
208.65484 1.73785e-07
209.80274 1.70281e-07
210.95379 1.66866e-07
212.10799 1.63538e-07
213.26534 1.60293e-07
214.42584 1.57129e-07
215.58949 1.54044e-07
216.75628 1.51034e-07
217.92623 1.48099e-07
219.09932 1.45235e-07
220.27557 1.42440e-07
221.45496 1.39713e-07
222.63750 1.37051e-07
223.82319 1.34452e-07
225.01202 1.31915e-07
226.20401 1.29437e-07
227.39915 1.27018e-07
228.59743 1.24655e-07
229.79887 1.22347e-07
231.00345 1.20092e-07
232.21118 1.17888e-07
233.42206 1.15735e-07
234.63609 1.13631e-07
235.85327 1.11574e-07
237.07360 1.09563e-07
238.29707 1.07597e-07
239.52370 1.05675e-07
240.75347 1.03795e-07
241.98639 1.01957e-07
243.22246 1.00159e-07
244.46168 9.84001e-08
245.70405 9.66793e-08
246.94957 9.49957e-08
248.19824 9.33482e-08
249.45006 9.17359e-08
250.70502 9.01579e-08
251.96314 8.86133e-08
253.22440 8.71013e-08
254.48881 8.56210e-08
255.75637 8.41716e-08
257.02708 8.27523e-08
258.30094 8.13624e-08
259.57795 8.00012e-08
260.85810 7.86678e-08
262.14141 7.73617e-08
263.42786 7.60822e-08
264.71746 7.48286e-08
266.01022 7.36002e-08
267.30612 7.23965e-08
268.60517 7.12169e-08
269.90737 7.00608e-08
271.21271 6.89275e-08
272.52121 6.78167e-08
273.83286 6.67277e-08
275.14765 6.56600e-08
276.46559 6.46132e-08
277.78668 6.35866e-08
279.11093 6.25800e-08
280.43832 6.15927e-08
281.76885 6.06244e-08
283.10254 5.96747e-08
284.43938 5.87430e-08
285.77936 5.78290e-08
287.12250 5.69322e-08
288.46878 5.60524e-08
289.81821 5.51890e-08
291.17079 5.43418e-08
292.52652 5.35104e-08
293.88540 5.26944e-08
295.24743 5.18934e-08
296.61261 5.11073e-08
297.98093 5.03355e-08
299.35241 4.95779e-08
300.72703 4.88340e-08
302.10480 4.81037e-08
303.48572 4.73865e-08
304.86980 4.66823e-08
306.25701 4.59907e-08
307.64738 4.53116e-08
309.04090 4.46445e-08
310.43756 4.39893e-08
311.83738 4.33456e-08
313.24034 4.27134e-08
314.64646 4.20923e-08
316.05572 4.14820e-08
317.46813 4.08824e-08
318.88369 4.02933e-08
320.30239 3.97144e-08
321.72425 3.91455e-08
323.14926 3.85864e-08
324.57741 3.80369e-08
326.00871 3.74969e-08
327.44317 3.69660e-08
328.88077 3.64442e-08
330.32152 3.59313e-08
331.76542 3.54270e-08
333.21247 3.49312e-08
334.66266 3.44438e-08
336.11601 3.39645e-08
337.57250 3.34933e-08
339.03215 3.30299e-08
340.49494 3.25741e-08
341.96088 3.21259e-08
343.42997 3.16852e-08
344.90221 3.12516e-08
346.37760 3.08252e-08
347.85614 3.04057e-08
349.33782 2.99931e-08
350.82266 2.95872e-08
352.31064 2.91879e-08
353.80178 2.87950e-08
355.29606 2.84084e-08
356.79349 2.80281e-08
358.29407 2.76538e-08
359.79780 2.72855e-08
361.30467 2.69231e-08
362.81470 2.65665e-08
364.32787 2.62155e-08
365.84420 2.58700e-08
367.36367 2.55300e-08
368.88629 2.51953e-08
370.41206 2.48658e-08
371.94098 2.45415e-08
373.47305 2.42222e-08
375.00827 2.39079e-08
376.54664 2.35985e-08
378.08815 2.32938e-08
379.63282 2.29939e-08
381.18063 2.26985e-08
382.73159 2.24077e-08
384.28570 2.21213e-08
385.84296 2.18392e-08
387.40337 2.15615e-08
388.96693 2.12879e-08
390.53363 2.10185e-08
392.10349 2.07532e-08
393.67649 2.04918e-08
395.25265 2.02344e-08
396.83195 1.99808e-08
398.41440 1.97310e-08
400.00000 1.94849e-08
