0.04000 nan
0.05745 6.11643e+02
0.07804 3.09349e+02
0.10179 1.50988e+02
0.12868 7.74816e+01
0.15872 4.20786e+01
0.19191 2.40650e+01
0.22825 1.43993e+01
0.26774 8.95977e+00
0.31038 5.76772e+00
0.35616 3.82453e+00
0.40510 2.60283e+00
0.45718 1.81257e+00
0.51241 1.28830e+00
0.57080 9.32561e-01
0.63233 6.86241e-01
0.69701 5.12542e-01
0.76484 3.88010e-01
0.83581 2.97372e-01
0.90994 2.30490e-01
0.98722 1.80510e-01
1.06764 1.42724e-01
1.15121 1.13849e-01
1.23793 9.15627e-02
1.32781 7.42022e-02
1.42083 6.05620e-02
1.51699 4.97584e-02
1.61631 4.11371e-02
1.71878 3.42086e-02
1.82439 2.86036e-02
1.93316 2.40409e-02
2.04507 2.03048e-02
2.16013 1.72286e-02
2.27835 1.46824e-02
2.39971 1.25644e-02
2.52421 1.07942e-02
2.65187 9.30812e-03
2.78268 8.05519e-03
2.91663 6.99454e-03
3.05374 6.09319e-03
3.19399 5.32438e-03
3.33739 4.66631e-03
3.48395 4.10111e-03
3.63365 3.61411e-03
3.78649 3.19319e-03
3.94249 2.82831e-03
4.10164 2.51109e-03
4.26394 2.23456e-03
4.42938 1.99286e-03
4.59797 1.78107e-03
4.76972 1.59504e-03
4.94461 1.43125e-03
5.12265 1.28671e-03
5.30384 1.15888e-03
5.48817 1.04559e-03
5.67566 9.44979e-04
5.86630 8.55458e-04
6.06008 7.75649e-04
6.25702 7.04369e-04
6.45710 6.40591e-04
6.66033 5.83427e-04
6.86671 5.32106e-04
7.07624 4.85957e-04
7.28892 4.44391e-04
7.50474 4.06898e-04
7.72372 3.73027e-04
7.94585 3.42385e-04
8.17112 3.14625e-04
8.39954 2.89442e-04
8.63111 2.66567e-04
8.86583 2.45761e-04
9.10370 2.26814e-04
9.34472 2.09538e-04
9.58889 1.93768e-04
9.83621 1.79355e-04
10.08667 1.66168e-04
10.34028 1.54090e-04
10.59705 1.43015e-04
10.85696 1.32850e-04
11.12002 1.23511e-04
11.38623 1.14921e-04
11.65559 1.07014e-04
11.92809 9.97270e-05
12.20375 9.30066e-05
12.48256 8.68028e-05
12.76451 8.10709e-05
13.04961 7.57704e-05
13.33787 7.08648e-05
13.62927 6.63210e-05
13.92382 6.21089e-05
14.22151 5.82013e-05
14.52236 5.45733e-05
14.82636 5.12026e-05
15.13350 4.80685e-05
15.44380 4.51523e-05
15.75724 4.24371e-05
16.07383 3.99073e-05
16.39357 3.75486e-05
16.71646 3.53481e-05
17.04250 3.32937e-05
17.37169 3.13747e-05
17.70403 2.95810e-05
18.03951 2.79034e-05
18.37815 2.63336e-05
18.71993 2.48637e-05
19.06486 2.34866e-05
19.41294 2.21958e-05
19.76417 2.09851e-05
20.11855 1.98492e-05
20.47608 1.87827e-05
20.83676 1.77810e-05
21.20058 1.68396e-05
21.56755 1.59546e-05
21.93768 1.51221e-05
22.31095 1.43387e-05
22.68737 1.36012e-05
23.06694 1.29065e-05
23.44966 1.22520e-05
23.83553 1.16351e-05
24.22455 1.10533e-05
24.61671 1.05045e-05
25.01203 9.98662e-06
25.41049 9.49773e-06
25.81210 9.03605e-06
26.21686 8.59992e-06
26.62477 8.18782e-06
27.03583 7.79828e-06
27.45004 7.42998e-06
27.86740 7.08166e-06
28.28790 6.75216e-06
28.71156 6.44037e-06
29.13836 6.14529e-06
29.56831 5.86595e-06
30.00141 5.60148e-06
30.43766 5.35104e-06
30.87706 5.11384e-06
31.31961 4.88916e-06
31.76531 4.67633e-06
32.21416 4.47468e-06
32.66615 4.28364e-06
33.12129 4.10264e-06
33.57959 3.93115e-06
34.04103 3.76869e-06
34.50562 3.61478e-06
34.97336 3.46901e-06
35.44425 3.33095e-06
35.91828 3.20024e-06
36.39547 3.07652e-06
36.87580 2.95944e-06
37.35929 2.84871e-06
37.84592 2.74403e-06
38.33570 2.64513e-06
38.82863 2.55174e-06
39.32471 2.46363e-06
39.82394 2.38058e-06
40.32632 2.30238e-06
40.83184 2.22883e-06
41.34052 2.15976e-06
41.85234 2.09500e-06
42.36732 2.03439e-06
42.88544 1.97779e-06
43.40671 1.92508e-06
43.93113 1.87613e-06
44.45870 1.83083e-06
44.98941 1.78909e-06
45.52328 1.75082e-06
46.06030 1.71595e-06
46.60046 1.68440e-06
47.14377 1.65612e-06
47.69023 1.63107e-06
48.23984 1.60922e-06
48.79260 1.59053e-06
49.34851 1.57499e-06
49.90757 1.56260e-06
50.46978 1.55337e-06
51.03513 1.54732e-06
51.60364 1.54448e-06
52.17529 1.54490e-06
52.75009 1.54864e-06
53.32804 1.55578e-06
53.90914 1.56640e-06
54.49339 1.58062e-06
55.08079 1.59856e-06
55.67134 1.62038e-06
56.26503 1.64624e-06
56.86188 1.67634e-06
57.46187 1.71092e-06
58.06501 1.75022e-06
58.67130 1.79454e-06
59.28074 1.84421e-06
59.89333 1.89961e-06
60.50907 1.96116e-06
61.12796 2.02935e-06
61.74999 2.10472e-06
62.37518 2.18790e-06
63.00351 2.27961e-06
63.63499 2.38064e-06
64.26962 2.49194e-06
64.90740 2.61455e-06
65.54833 2.74971e-06
66.19241 2.89882e-06
66.83964 3.06351e-06
67.49001 3.24566e-06
68.14354 3.44749e-06
68.80021 3.67156e-06
69.46003 3.92091e-06
70.12300 4.19914e-06
70.78912 4.51049e-06
71.45839 4.86006e-06
72.13081 5.25399e-06
72.80638 5.69971e-06
73.48509 6.20626e-06
74.16696 6.78482e-06
74.85197 7.44922e-06
75.54013 8.21679e-06
76.23145 9.10951e-06
76.92591 1.01555e-05
77.62352 1.13912e-05
78.32427 1.28646e-05
79.02818 1.46399e-05
79.73524 1.68041e-05
80.44544 1.94781e-05
81.15880 2.28330e-05
81.87530 2.71178e-05
82.59495 3.27051e-05
83.31775 4.01721e-05
84.04370 5.04486e-05
84.77280 6.51050e-05
85.50504 8.69449e-05
86.24044 1.21317e-04
86.97899 1.79235e-04
87.72068 2.85196e-04
88.46552 4.95094e-04
89.21351 8.96531e-04
89.96465 1.26725e-03
90.71894 9.64246e-04
91.47638 5.38876e-04
92.23697 3.08484e-04
93.00071 1.92611e-04
93.76759 1.29813e-04
94.53763 9.28175e-05
95.31081 6.94399e-05
96.08714 5.38132e-05
96.86662 4.28857e-05
97.64925 3.49594e-05
98.43503 2.90341e-05
99.22396 2.44917e-05
100.01603 2.09346e-05
100.81126 1.80978e-05
101.60963 1.57996e-05
102.41116 1.39119e-05
103.21583 1.23426e-05
104.02365 1.10239e-05
104.83462 9.90512e-06
105.64874 8.94779e-06
106.46600 8.12225e-06
107.28642 7.40534e-06
108.10999 6.77878e-06
108.93670 6.22797e-06
109.76656 5.74116e-06
110.59958 5.30878e-06
111.43574 4.92299e-06
112.27505 4.57731e-06
113.11750 4.26635e-06
113.96311 3.98562e-06
114.81187 3.73129e-06
115.66377 3.50015e-06
116.51883 3.28947e-06
117.37703 3.09688e-06
118.23838 2.92037e-06
119.10289 2.75820e-06
119.97054 2.60884e-06
120.84133 2.47099e-06
121.71528 2.34348e-06
122.59238 2.22530e-06
123.47262 2.11557e-06
124.35602 2.01350e-06
125.24256 1.91839e-06
126.13226 1.82962e-06
127.02510 1.74664e-06
127.92109 1.66896e-06
128.82023 1.59613e-06
129.72251 1.52776e-06
130.62795 1.46350e-06
131.53654 1.40301e-06
132.44827 1.34602e-06
133.36315 1.29226e-06
134.28119 1.24149e-06
135.20237 1.19349e-06
136.12670 1.14807e-06
137.05418 1.10504e-06
137.98481 1.06424e-06
138.91858 1.02553e-06
139.85551 9.88754e-07
140.79558 9.53795e-07
141.73881 9.20536e-07
142.68518 8.88867e-07
143.63470 8.58691e-07
144.58737 8.29916e-07
145.54319 8.02458e-07
146.50216 7.76238e-07
147.46428 7.51184e-07
148.42954 7.27229e-07
149.39796 7.04310e-07
150.36952 6.82369e-07
151.34423 6.61352e-07
152.32209 6.41209e-07
153.30311 6.21894e-07
154.28726 6.03361e-07
155.27457 5.85570e-07
156.26503 5.68483e-07
157.25864 5.52063e-07
158.25539 5.36278e-07
159.25530 5.21096e-07
160.25835 5.06487e-07
161.26455 4.92423e-07
162.27390 4.78878e-07
163.28640 4.65827e-07
164.30205 4.53248e-07
165.32085 4.41119e-07
166.34279 4.29419e-07
167.36789 4.18128e-07
168.39613 4.07228e-07
169.42752 3.96703e-07
170.46207 3.86534e-07
171.49976 3.76708e-07
172.54060 3.67210e-07
173.58459 3.58025e-07
174.63172 3.49140e-07
175.68201 3.40543e-07
176.73544 3.32222e-07
177.79203 3.24165e-07
178.85176 3.16363e-07
179.91464 3.08805e-07
180.98067 3.01481e-07
182.04985 2.94382e-07
183.12218 2.87499e-07
184.19766 2.80825e-07
185.27629 2.74350e-07
186.35806 2.68068e-07
187.44299 2.61971e-07
188.53106 2.56053e-07
189.62228 2.50306e-07
190.71665 2.44725e-07
191.81417 2.39304e-07
192.91484 2.34036e-07
194.01866 2.28917e-07
195.12563 2.23941e-07
196.23574 2.19103e-07
197.34901 2.14398e-07
198.46542 2.09822e-07
199.58498 2.05371e-07
200.70769 2.01039e-07
201.83355 1.96824e-07
202.96256 1.92721e-07
204.09472 1.88726e-07
205.23003 1.84836e-07
206.36848 1.81047e-07
207.51009 1.77357e-07
208.65484 1.73762e-07
209.80274 1.70259e-07
210.95379 1.66845e-07
212.10799 1.63517e-07
213.26534 1.60272e-07
214.42584 1.57109e-07
215.58949 1.54024e-07
216.75628 1.51015e-07
217.92623 1.48080e-07
219.09932 1.45217e-07
220.27557 1.42422e-07
221.45496 1.39695e-07
222.63750 1.37034e-07
223.82319 1.34436e-07
225.01202 1.31899e-07
226.20401 1.29422e-07
227.39915 1.27003e-07
228.59743 1.24640e-07
229.79887 1.22332e-07
231.00345 1.20077e-07
232.21118 1.17874e-07
233.42206 1.15722e-07
234.63609 1.13617e-07
235.85327 1.11561e-07
237.07360 1.09550e-07
238.29707 1.07585e-07
239.52370 1.05663e-07
240.75347 1.03784e-07
241.98639 1.01946e-07
243.22246 1.00148e-07
244.46168 9.83892e-08
245.70405 9.66687e-08
246.94957 9.49853e-08
248.19824 9.33380e-08
249.45006 9.17260e-08
250.70502 9.01482e-08
251.96314 8.86039e-08
253.22440 8.70920e-08
254.48881 8.56119e-08
255.75637 8.41627e-08
257.02708 8.27437e-08
258.30094 8.13540e-08
259.57795 7.99929e-08
260.85810 7.86598e-08
262.14141 7.73538e-08
263.42786 7.60745e-08
264.71746 7.48210e-08
266.01022 7.35928e-08
267.30612 7.23893e-08
268.60517 7.12098e-08
269.90737 7.00538e-08
271.21271 6.89208e-08
272.52121 6.78101e-08
273.83286 6.67212e-08
275.14765 6.56537e-08
276.46559 6.46069e-08
277.78668 6.35806e-08
279.11093 6.25740e-08
280.43832 6.15869e-08
281.76885 6.06187e-08
283.10254 5.96691e-08
284.43938 5.87375e-08
285.77936 5.78236e-08
287.12250 5.69270e-08
288.46878 5.60472e-08
289.81821 5.51840e-08
291.17079 5.43369e-08
292.52652 5.35055e-08
293.88540 5.26896e-08
295.24743 5.18888e-08
296.61261 5.11027e-08
297.98093 5.03310e-08
299.35241 4.95735e-08
300.72703 4.88297e-08
302.10480 4.80995e-08
303.48572 4.73824e-08
304.86980 4.66783e-08
306.25701 4.59868e-08
307.64738 4.53077e-08
309.04090 4.46407e-08
310.43756 4.39855e-08
311.83738 4.33420e-08
313.24034 4.27098e-08
314.64646 4.20888e-08
316.05572 4.14786e-08
317.46813 4.08791e-08
318.88369 4.02900e-08
320.30239 3.97111e-08
321.72425 3.91423e-08
323.14926 3.85833e-08
324.57741 3.80339e-08
326.00871 3.74939e-08
327.44317 3.69631e-08
328.88077 3.64413e-08
330.32152 3.59284e-08
331.76542 3.54242e-08
333.21247 3.49285e-08
334.66266 3.44411e-08
336.11601 3.39619e-08
337.57250 3.34907e-08
339.03215 3.30273e-08
340.49494 3.25716e-08
341.96088 3.21235e-08
343.42997 3.16828e-08
344.90221 3.12493e-08
346.37760 3.08229e-08
347.85614 3.04035e-08
349.33782 2.99909e-08
350.82266 2.95850e-08
352.31064 2.91857e-08
353.80178 2.87929e-08
355.29606 2.84063e-08
356.79349 2.80260e-08
358.29407 2.76518e-08
359.79780 2.72836e-08
361.30467 2.69212e-08
362.81470 2.65646e-08
364.32787 2.62136e-08
365.84420 2.58682e-08
367.36367 2.55282e-08
368.88629 2.51935e-08
370.41206 2.48641e-08
371.94098 2.45398e-08
373.47305 2.42206e-08
375.00827 2.39063e-08
376.54664 2.35969e-08
378.08815 2.32922e-08
379.63282 2.29923e-08
381.18063 2.26970e-08
382.73159 2.24061e-08
384.28570 2.21198e-08
385.84296 2.18378e-08
387.40337 2.15600e-08
388.96693 2.12865e-08
390.53363 2.10171e-08
392.10349 2.07518e-08
393.67649 2.04905e-08
395.25265 2.02330e-08
396.83195 1.99795e-08
398.41440 1.97297e-08
400.00000 1.94836e-08
